image_width: 640
image_height: 512
camera_name: camera1
camera_matrix:
  rows: 3
  cols: 3
  data: [538.558743, 0.000000, 315.578009, 0.000000, 539.335609, 261.137892, 0.000000, 0.000000, 1.000000]
distortion_model: plumb_bob
distortion_coefficients:
  rows: 1
  cols: 5
  data: [-0.121366, 0.145992, -0.000886, -0.000337, 0.000000]
rectification_matrix:
  rows: 3
  cols: 3
  data: [0.999851, -0.001092, 0.017236, 0.001242, 0.999962, -0.008682, -0.017225, 0.008702, 0.999814]
projection_matrix:
  rows: 3
  cols: 4
  data: [551.831629, 0.000000, 301.089241, 0.000000, 0.000000, 551.831629, 260.127241, 0.000000, 0.000000, 0.000000, 1.000000, 0.000000]
