image_width: 320
image_height: 256
camera_name: camera1
camera_matrix:
  rows: 3
  cols: 3
  data: [543.204265, 0.000000, 162.878539, 0.000000, 544.054711, 119.683577, 0.000000, 0.000000, 1.000000]
distortion_model: plumb_bob
distortion_coefficients:
  rows: 1
  cols: 5
  data: [-0.100235, 0.111388, -0.004324, -0.001877, 0.000000]
rectification_matrix:
  rows: 3
  cols: 3
  data: [1.000000, 0.000000, 0.000000, 0.000000, 1.000000, 0.000000, 0.000000, 0.000000, 1.000000]
projection_matrix:
  rows: 3
  cols: 4
  data: [537.341248, 0.000000, 162.136606, 0.000000, 0.000000, 538.823792, 118.738083, 0.000000, 0.000000, 0.000000, 1.000000, 0.000000]
